#Cluster Nstruc Einter sd Enb sd Evdw+0.1Eelec sd Evdw sd Eelec sd Eair sd Ecdih sd Ecoup sd Esani sd Evean sd Edani sd
file.nam_clust1    66   549.15    90.05  -142.63    23.88   -57.22     7.21   -47.73     6.50   -94.89    21.86   691.77    89.29     0.00     0.00     0.00     0.00     0.00     0.00     0.00     0.00    0.000    0.000 
file.nam_clust2    41   465.92    71.95  -191.69    30.40   -61.32     8.36   -46.84     7.04  -144.86    27.29   657.62    65.22     0.00     0.00     0.00     0.00     0.00     0.00     0.00     0.00    0.000    0.000 
file.nam_clust3    20   588.69    35.45  -171.55    13.04   -69.06     2.64   -57.67     2.74  -113.88    13.68   760.24    34.80     0.00     0.00     0.00     0.00     0.00     0.00     0.00     0.00    0.000    0.000 
file.nam_clust4    20   407.98    58.66  -225.44    34.35   -58.74     5.75   -40.22     5.28  -185.22    34.96   633.43    65.12     0.00     0.00     0.00     0.00     0.00     0.00     0.00     0.00    0.000    0.000 
file.nam_clust5    13   522.91    72.96  -136.37    28.37   -58.01     5.89   -49.31     4.28   -87.06    26.31   659.28    59.91     0.00     0.00     0.00     0.00     0.00     0.00     0.00     0.00    0.000    0.000 
file.nam_clust6     5   441.91   124.75  -134.17    53.86   -44.54     6.80   -34.58     5.17   -99.59    54.57   576.08    78.56     0.00     0.00     0.00     0.00     0.00     0.00     0.00     0.00    0.000    0.000 
file.nam_clust7     5   532.97    41.00  -151.93    15.29   -52.92     2.76   -41.92     2.78  -110.01    15.90   684.90    35.23     0.00     0.00     0.00     0.00     0.00     0.00     0.00     0.00    0.000    0.000 
file.nam_clust8     5   486.69    58.45  -165.78    34.71   -58.53     7.16   -46.61     6.93  -119.16    35.34   652.46    83.75     0.00     0.00     0.00     0.00     0.00     0.00     0.00     0.00    0.000    0.000 
file.nam_clust9     5   433.14     9.01  -195.90    21.51   -64.03     8.30   -49.38    10.39  -146.52    28.79   629.04    18.88     0.00     0.00     0.00     0.00     0.00     0.00     0.00     0.00    0.000    0.000 
file.nam_clust10     5   436.62    56.28  -220.75    30.51   -69.44     7.71   -52.63     6.93  -168.12    29.23   657.37    44.18     0.00     0.00     0.00     0.00     0.00     0.00     0.00     0.00    0.000    0.000 
