#Cluster Nstruc Einter sd Enb sd Evdw+0.1Eelec sd Evdw sd Eelec sd Eair sd Ecdih sd Ecoup sd Esani sd Evean sd Edani sd
file.nam_clust1    52   420.28    87.08  -187.08    33.49   -62.57     7.50   -48.73     8.39  -138.34    36.39   607.36    69.60     0.00     0.00     0.00     0.00     0.00     0.00     0.00     0.00    0.000    0.000 
file.nam_clust2    38   376.26    76.95  -185.46    23.29   -58.69     6.43   -44.60     5.84  -140.86    22.01   561.72    71.11     0.00     0.00     0.00     0.00     0.00     0.00     0.00     0.00    0.000    0.000 
file.nam_clust3    24   279.34    66.40  -239.06    43.09   -62.57     8.63   -42.96     6.72  -196.11    41.08   518.40    54.01     0.00     0.00     0.00     0.00     0.00     0.00     0.00     0.00    0.000    0.000 
file.nam_clust4    21   482.51    86.70  -171.87    19.20   -58.01     7.21   -45.36     7.79  -126.51    20.98   654.38    86.44     0.00     0.00     0.00     0.00     0.00     0.00     0.00     0.00    0.000    0.000 
file.nam_clust5     9   315.72    69.38  -188.32    26.12   -62.95     7.34   -49.02     7.77  -139.30    27.63   504.04    54.44     0.00     0.00     0.00     0.00     0.00     0.00     0.00     0.00    0.000    0.000 
file.nam_clust6     9   372.10    50.34  -185.37    30.28   -61.98     7.73   -48.28     6.57  -137.09    28.05   557.47    52.29     0.00     0.00     0.00     0.00     0.00     0.00     0.00     0.00    0.000    0.000 
file.nam_clust7     7   342.64    46.33  -193.79    25.44   -63.05     4.50   -48.53     4.85  -145.26    27.00   536.43    39.14     0.00     0.00     0.00     0.00     0.00     0.00     0.00     0.00    0.000    0.000 
file.nam_clust8     6   354.15   137.56  -123.85    25.16   -43.80     4.58   -34.91     2.57   -88.94    23.16   478.00   144.15     0.00     0.00     0.00     0.00     0.00     0.00     0.00     0.00    0.000    0.000 
file.nam_clust9     4   331.10    49.06  -150.02    28.12   -42.11     2.42   -30.12     1.89  -119.91    29.14   481.12    54.62     0.00     0.00     0.00     0.00     0.00     0.00     0.00     0.00    0.000    0.000 
