#Cluster Nstruc Einter sd Enb sd Evdw+0.1Eelec sd Evdw sd Eelec sd Eair sd Ecdih sd Ecoup sd Esani sd Evean sd Edani sd
file.nam_clust1    80  1016.51   132.51  -176.94    38.32   -46.31     8.13   -31.80     7.71  -145.14    38.62  1193.44   121.54     0.00     0.00     0.00     0.00     0.00     0.00     0.00     0.00    0.000    0.000 
file.nam_clust2    12   867.58   116.86  -194.07    53.94   -52.11     6.14   -36.34     5.54  -157.73    55.85  1061.65    84.12     0.00     0.00     0.00     0.00     0.00     0.00     0.00     0.00    0.000    0.000 
file.nam_clust3    11  1034.45   170.49  -174.49    46.85   -49.62     8.34   -35.75     6.01  -138.75    45.03  1208.95   169.45     0.00     0.00     0.00     0.00     0.00     0.00     0.00     0.00    0.000    0.000 
file.nam_clust4     9  1114.51    98.80  -122.28    14.79   -38.51     4.67   -29.20     4.62   -93.08    14.63  1236.79   105.12     0.00     0.00     0.00     0.00     0.00     0.00     0.00     0.00    0.000    0.000 
file.nam_clust5     9   938.72   160.06  -194.38    43.62   -48.49     7.56   -32.28     4.59  -162.10    41.11  1133.10   138.30     0.00     0.00     0.00     0.00     0.00     0.00     0.00     0.00    0.000    0.000 
file.nam_clust6     6   863.69    89.36  -218.25    28.29   -53.09     3.65   -34.74     4.34  -183.51    30.48  1081.94    68.61     0.00     0.00     0.00     0.00     0.00     0.00     0.00     0.00    0.000    0.000 
file.nam_clust7     5  1072.29   120.98   -89.76    15.08   -35.21     5.30   -29.15     6.55   -60.61    19.26  1162.05   111.49     0.00     0.00     0.00     0.00     0.00     0.00     0.00     0.00    0.000    0.000 
file.nam_clust8     5   900.21    88.48  -194.97    24.99   -48.85     9.62   -32.61     9.06  -162.35    22.06  1095.18   100.30     0.00     0.00     0.00     0.00     0.00     0.00     0.00     0.00    0.000    0.000 
file.nam_clust9     5   743.89    28.58  -226.77    51.30   -51.95     4.41   -32.52     2.18  -194.25    52.49   970.66    39.88     0.00     0.00     0.00     0.00     0.00     0.00     0.00     0.00    0.000    0.000 
file.nam_clust10     4  1111.02   181.94  -174.17    36.27   -32.01     5.21   -16.22     2.34  -157.95    34.86  1285.19   147.16     0.00     0.00     0.00     0.00     0.00     0.00     0.00     0.00    0.000    0.000 
file.nam_clust11     4   816.15    65.98  -214.68    68.40   -61.84    13.63   -44.85    11.45  -169.83    66.66  1030.83    25.46     0.00     0.00     0.00     0.00     0.00     0.00     0.00     0.00    0.000    0.000 
file.nam_clust12     4   629.70    37.08  -237.20    23.68   -59.13    10.20   -39.34    10.48  -197.86    23.80   866.90    33.31     0.00     0.00     0.00     0.00     0.00     0.00     0.00     0.00    0.000    0.000 
