#Cluster Nstruc Einter sd Enb sd Evdw+0.1Eelec sd Evdw sd Eelec sd Eair sd Ecdih sd Ecoup sd Esani sd Evean sd Edani sd
file.nam_clust1    85   268.96    91.14  -204.87    35.87   -92.48    12.00   -80.00    11.09  -124.88    32.55   473.84    76.91     0.00     0.00     0.00     0.00     0.00     0.00     0.00     0.00    0.000    0.000 
file.nam_clust2    34   222.01    64.52  -248.36    28.05   -73.11     8.36   -53.64     8.36  -194.72    28.22   470.37    61.00     0.00     0.00     0.00     0.00     0.00     0.00     0.00     0.00    0.000    0.000 
file.nam_clust3     9   228.88    48.36  -221.61    38.85   -62.09     8.56   -44.36     5.79  -177.25    34.61   450.49    45.65     0.00     0.00     0.00     0.00     0.00     0.00     0.00     0.00    0.000    0.000 
file.nam_clust4     9   238.95    73.50  -214.04    28.96   -75.70     5.81   -60.33     6.01  -153.72    30.30   452.99    68.70     0.00     0.00     0.00     0.00     0.00     0.00     0.00     0.00    0.000    0.000 
file.nam_clust5     7   125.17   122.23  -212.60    52.36   -64.32     7.99   -47.84     5.24  -164.76    51.09   337.77    95.66     0.00     0.00     0.00     0.00     0.00     0.00     0.00     0.00    0.000    0.000 
file.nam_clust6     6   259.35    57.77  -177.78    30.21   -75.17     7.95   -63.76     8.19  -114.01    31.35   437.12    40.31     0.00     0.00     0.00     0.00     0.00     0.00     0.00     0.00    0.000    0.000 
file.nam_clust7     5   163.09    68.72  -227.17    27.08   -69.69     5.50   -52.19     4.41  -174.98    25.94   390.26    77.30     0.00     0.00     0.00     0.00     0.00     0.00     0.00     0.00    0.000    0.000 
file.nam_clust8     5    46.63    92.92  -290.88    93.71   -86.55    12.48   -63.84     4.14  -227.04    90.54   337.51    41.39     0.00     0.00     0.00     0.00     0.00     0.00     0.00     0.00    0.000    0.000 
file.nam_clust9     4   390.60    21.27  -116.77    17.09   -44.87     4.78   -36.88     4.97   -79.89    17.85   507.37    37.66     0.00     0.00     0.00     0.00     0.00     0.00     0.00     0.00    0.000    0.000 
file.nam_clust10     4   250.60    87.83  -241.59    28.51   -67.45     3.47   -48.10     3.93  -193.48    30.40   492.19    66.90     0.00     0.00     0.00     0.00     0.00     0.00     0.00     0.00    0.000    0.000 
file.nam_clust11     4   132.45    30.26  -232.75    12.49   -64.70     4.47   -46.03     4.97  -186.72    14.10   365.20    21.66     0.00     0.00     0.00     0.00     0.00     0.00     0.00     0.00    0.000    0.000 
