#Cluster Nstruc Einter sd Enb sd Evdw+0.1Eelec sd Evdw sd Eelec sd Eair sd Ecdih sd Ecoup sd Esani sd Evean sd Edani sd
file.nam_clust1    80  1105.21   135.12  -121.46    30.39   -35.25     7.76   -25.68     7.68   -95.78    30.77  1226.67   124.97     0.00     0.00     0.00     0.00     0.00     0.00     0.00     0.00    0.000    0.000 
file.nam_clust2    14  1091.71   172.00  -121.82    26.12   -40.13     7.36   -31.05     7.10   -90.77    25.69  1213.53   166.93     0.00     0.00     0.00     0.00     0.00     0.00     0.00     0.00    0.000    0.000 
file.nam_clust3    12   968.02    98.60  -126.85    35.73   -40.63     7.74   -31.05    10.11   -95.81    42.13  1094.87    77.30     0.00     0.00     0.00     0.00     0.00     0.00     0.00     0.00    0.000    0.000 
file.nam_clust4     9  1153.93   102.68  -102.78    17.35   -30.22     3.86   -22.15     3.44   -80.63    16.94  1256.71   106.14     0.00     0.00     0.00     0.00     0.00     0.00     0.00     0.00    0.000    0.000 
file.nam_clust5     8  1021.53    81.47  -126.12    22.29   -36.58     8.00   -26.63     9.31   -99.49    26.62  1147.66    93.05     0.00     0.00     0.00     0.00     0.00     0.00     0.00     0.00    0.000    0.000 
file.nam_clust6     8  1027.18    96.98  -144.31    26.44   -35.51     8.63   -23.42     8.50  -120.89    25.92  1171.49    95.92     0.00     0.00     0.00     0.00     0.00     0.00     0.00     0.00    0.000    0.000 
file.nam_clust7     6  1149.64   112.62   -66.29    10.86   -33.19     3.65   -29.51     4.81   -36.78    14.64  1215.92   104.77     0.00     0.00     0.00     0.00     0.00     0.00     0.00     0.00    0.000    0.000 
file.nam_clust8     6   961.42    92.89  -146.25    28.13   -40.70     4.96   -28.98     8.29  -117.27    35.96  1107.67    69.88     0.00     0.00     0.00     0.00     0.00     0.00     0.00     0.00    0.000    0.000 
file.nam_clust9     5   824.93    33.94  -156.74    34.45   -34.11     4.02   -20.49     8.10  -136.25    42.37   981.67    45.02     0.00     0.00     0.00     0.00     0.00     0.00     0.00     0.00    0.000    0.000 
file.nam_clust10     4  1194.57   150.18  -111.48     7.46   -21.34     8.40   -11.32     9.24  -100.15    11.52  1306.04   147.62     0.00     0.00     0.00     0.00     0.00     0.00     0.00     0.00    0.000    0.000 
file.nam_clust11     4   976.48    23.98  -115.08    24.87   -45.25     9.06   -37.49     9.64   -77.59    26.53  1091.56    21.65     0.00     0.00     0.00     0.00     0.00     0.00     0.00     0.00    0.000    0.000 
file.nam_clust12     4   733.90    32.27  -154.41     6.33   -45.45     4.64   -33.34     5.84  -121.07    12.07   888.31    31.55     0.00     0.00     0.00     0.00     0.00     0.00     0.00     0.00    0.000    0.000 
