#Cluster Nstruc Einter sd Enb sd Evdw+0.1Eelec sd Evdw sd Eelec sd Eair sd Ecdih sd Ecoup sd Esani sd Evean sd Edani sd
file.nam_clust1    15  1729.29   170.82   -68.14    14.45   -22.05     6.08   -16.92     6.97   -51.22    17.51  1797.44   170.41     0.00     0.00     0.00     0.00     0.00     0.00     0.00     0.00    0.000    0.000 
file.nam_clust2    13   784.87    65.94  -222.16     7.80   -77.05     3.59   -60.93     3.61  -161.23     7.40  1007.03    68.68     0.00     0.00     0.00     0.00     0.00     0.00     0.00     0.00    0.000    0.000 
file.nam_clust3    11  1677.02   215.44   -90.19    20.77   -30.91     8.40   -24.32     7.64   -65.87    16.69  1767.21   215.04     0.00     0.00     0.00     0.00     0.00     0.00     0.00     0.00    0.000    0.000 
file.nam_clust4     9  1548.32   258.17  -168.99    38.29   -45.29     8.10   -31.55     8.25  -137.44    39.75  1717.30   247.95     0.00     0.00     0.00     0.00     0.00     0.00     0.00     0.00    0.000    0.000 
file.nam_clust5     7  1811.91   235.47   -67.22    29.54   -32.87     5.40   -29.05     3.81   -38.17    28.11  1879.14   223.36     0.00     0.00     0.00     0.00     0.00     0.00     0.00     0.00    0.000    0.000 
file.nam_clust6     6  2103.99   260.01  -101.76    35.58   -30.14     5.19   -22.19     3.37   -79.57    34.95  2205.74   234.29     0.00     0.00     0.00     0.00     0.00     0.00     0.00     0.00    0.000    0.000 
file.nam_clust7     6  1795.64   145.99   -28.49     5.90   -10.70     2.62    -8.72     3.19   -19.77     8.00  1824.13   144.30     0.00     0.00     0.00     0.00     0.00     0.00     0.00     0.00    0.000    0.000 
file.nam_clust8     4  2132.22   193.75   -54.80    48.22   -13.40     5.01    -8.80     2.01   -46.00    48.43  2187.02   219.55     0.00     0.00     0.00     0.00     0.00     0.00     0.00     0.00    0.000    0.000 
file.nam_clust9     4  1752.32    93.20  -119.07    11.21   -34.99     5.45   -25.64     5.50   -93.43    10.61  1871.39    99.61     0.00     0.00     0.00     0.00     0.00     0.00     0.00     0.00    0.000    0.000 
