#Cluster Nstruc Einter sd Enb sd Evdw+0.1Eelec sd Evdw sd Eelec sd Eair sd Ecdih sd Ecoup sd Esani sd Evean sd Edani sd
file.nam_clust1    57   166.56    80.79  -294.69    48.91   -91.52    12.43   -68.95    10.33  -225.74    44.81   461.25    61.69     0.00     0.00     0.00     0.00     0.00     0.00     0.00     0.00    0.000    0.000 
file.nam_clust2    28   344.06    80.14  -192.78    39.33   -66.59     9.36   -52.57     9.44  -140.21    40.44   536.84    66.32     0.00     0.00     0.00     0.00     0.00     0.00     0.00     0.00    0.000    0.000 
file.nam_clust3    17   392.84    76.97  -207.66    39.52   -60.66     8.52   -44.33     8.40  -163.32    40.44   600.49    89.57     0.00     0.00     0.00     0.00     0.00     0.00     0.00     0.00    0.000    0.000 
file.nam_clust4    17   230.42   101.10  -232.43    42.93   -81.56    10.86   -64.80    10.79  -167.63    43.63   462.85    76.68     0.00     0.00     0.00     0.00     0.00     0.00     0.00     0.00    0.000    0.000 
file.nam_clust5    12   268.57    78.20  -230.03    28.93   -82.20     6.08   -65.78     4.51  -164.26    26.89   498.61    68.59     0.00     0.00     0.00     0.00     0.00     0.00     0.00     0.00    0.000    0.000 
file.nam_clust6    10   257.25    75.58  -287.16    44.87   -75.30     8.65   -51.76     6.44  -235.40    42.66   544.42    56.79     0.00     0.00     0.00     0.00     0.00     0.00     0.00     0.00    0.000    0.000 
file.nam_clust7     9   394.59    63.03  -187.37    41.95   -56.99     8.76   -42.50     7.29  -144.87    40.44   581.96    59.43     0.00     0.00     0.00     0.00     0.00     0.00     0.00     0.00    0.000    0.000 
file.nam_clust8     8   245.61   127.00  -217.47    51.24   -63.43     8.13   -46.31     6.15  -171.15    50.60   463.08    77.93     0.00     0.00     0.00     0.00     0.00     0.00     0.00     0.00    0.000    0.000 
file.nam_clust9     5   407.48    57.52  -183.29    22.20   -64.82     6.46   -51.66     5.26  -131.64    19.01   590.77    44.44     0.00     0.00     0.00     0.00     0.00     0.00     0.00     0.00    0.000    0.000 
file.nam_clust10     4   366.06    56.83  -146.03    23.85   -64.69     8.98   -55.65     7.55   -90.38    17.48   512.09    44.50     0.00     0.00     0.00     0.00     0.00     0.00     0.00     0.00    0.000    0.000 
