#Cluster Nstruc Einter sd Enb sd Evdw+0.1Eelec sd Evdw sd Eelec sd Eair sd Ecdih sd Ecoup sd Esani sd Evean sd Edani sd
file.nam_clust1    13  5623.62   539.40  -157.90     5.88   -69.26     2.52   -59.41     2.77   -98.49     6.68  5781.52   541.86     0.00     0.00     0.00     0.00     0.00     0.00     0.00     0.00    0.000    0.000 
file.nam_clust2    13  1764.39   188.10   -49.00     8.49   -18.34     6.15   -14.93     7.13   -34.07    12.99  1813.39   187.67     0.00     0.00     0.00     0.00     0.00     0.00     0.00     0.00    0.000    0.000 
file.nam_clust3    10  1711.09   225.99   -66.55    19.24   -26.13     7.30   -21.64     6.83   -44.92    16.90  1777.64   231.64     0.00     0.00     0.00     0.00     0.00     0.00     0.00     0.00    0.000    0.000 
file.nam_clust4     9  1668.33   239.10  -115.21    26.00   -30.61     7.26   -21.20     7.09   -94.01    25.84  1783.54   221.90     0.00     0.00     0.00     0.00     0.00     0.00     0.00     0.00    0.000    0.000 
file.nam_clust5     7  1859.05   237.15   -56.29    21.53   -28.80     5.69   -25.75     7.14   -30.54    25.81  1915.34   226.52     0.00     0.00     0.00     0.00     0.00     0.00     0.00     0.00    0.000    0.000 
file.nam_clust6     6  1811.11   153.22   -26.36     7.10   -11.54     2.74    -9.90     2.93   -16.46     7.63  1837.47   150.23     0.00     0.00     0.00     0.00     0.00     0.00     0.00     0.00    0.000    0.000 
file.nam_clust7     5  2242.23   159.94   -64.29    11.03   -22.32     7.58   -17.66     8.42   -46.63    14.34  2306.52   166.20     0.00     0.00     0.00     0.00     0.00     0.00     0.00     0.00    0.000    0.000 
file.nam_clust8     5  1839.00   104.89   -80.18    20.33   -32.31     3.62   -27.00     2.78   -53.18    19.77  1919.17   107.40     0.00     0.00     0.00     0.00     0.00     0.00     0.00     0.00    0.000    0.000 
file.nam_clust9     4  2195.32   212.88   -39.01    31.20   -14.09     2.67   -11.32     3.36   -27.68    33.39  2234.32   227.87     0.00     0.00     0.00     0.00     0.00     0.00     0.00     0.00    0.000    0.000 
file.nam_clust10     4  1806.24   105.34   -68.27    30.88   -24.33     4.56   -19.45     5.74   -48.83    34.03  1874.52   135.74     0.00     0.00     0.00     0.00     0.00     0.00     0.00     0.00    0.000    0.000 
