#Cluster Nstruc Einter sd Enb sd Evdw+0.1Eelec sd Evdw sd Eelec sd Eair sd Ecdih sd Ecoup sd Esani sd Evean sd Edani sd
file.nam_clust1    66   329.60    95.02  -226.56    37.81   -68.58     8.31   -51.03     9.47  -175.53    41.44   556.15    79.46     0.00     0.00     0.00     0.00     0.00     0.00     0.00     0.00    0.000    0.000 
file.nam_clust2    29   450.82    69.84   -99.09    20.56   -54.14     5.65   -49.15     5.22   -49.95    19.68   549.91    70.31     0.00     0.00     0.00     0.00     0.00     0.00     0.00     0.00    0.000    0.000 
file.nam_clust3    21   484.13    91.97  -147.03    26.97   -51.00     6.43   -40.33     6.95  -106.69    28.83   631.16    93.75     0.00     0.00     0.00     0.00     0.00     0.00     0.00     0.00    0.000    0.000 
file.nam_clust4    17   462.75    62.88  -138.70    20.30   -69.04     5.93   -61.30     5.46   -77.39    19.11   601.45    60.89     0.00     0.00     0.00     0.00     0.00     0.00     0.00     0.00    0.000    0.000 
file.nam_clust5     8   363.03    66.32  -175.49    26.55   -52.29     5.58   -38.60     8.02  -136.88    32.88   538.52    48.27     0.00     0.00     0.00     0.00     0.00     0.00     0.00     0.00    0.000    0.000 
file.nam_clust6     6   382.34    52.08  -174.77    46.99   -55.99    11.46   -42.79     9.72  -131.98    44.02   557.11    56.97     0.00     0.00     0.00     0.00     0.00     0.00     0.00     0.00    0.000    0.000 
file.nam_clust7     5   477.75    87.16  -147.92    18.96   -57.34     8.86   -47.28     8.04  -100.64    13.22   625.67    75.92     0.00     0.00     0.00     0.00     0.00     0.00     0.00     0.00    0.000    0.000 
file.nam_clust8     5   411.38    80.73  -139.92    22.85   -56.25     4.94   -46.95     4.58   -92.97    22.79   551.30    81.52     0.00     0.00     0.00     0.00     0.00     0.00     0.00     0.00    0.000    0.000 
file.nam_clust9     5   276.24    54.44  -168.70    27.98   -72.10    11.36   -61.37    11.01  -107.33    25.45   444.94    36.50     0.00     0.00     0.00     0.00     0.00     0.00     0.00     0.00    0.000    0.000 
file.nam_clust10     5   317.54    54.45  -189.91    15.40   -74.59     8.23   -61.78     7.61  -128.14     9.43   507.45    49.97     0.00     0.00     0.00     0.00     0.00     0.00     0.00     0.00    0.000    0.000 
file.nam_clust11     5   233.65   119.23  -153.83    19.83   -61.62     7.16   -51.38     6.44  -102.46    16.81   387.49   114.78     0.00     0.00     0.00     0.00     0.00     0.00     0.00     0.00    0.000    0.000 
file.nam_clust12     4   461.39    72.86  -138.22    45.10   -53.21    10.89   -43.77     7.15   -94.45    38.12   599.60    41.56     0.00     0.00     0.00     0.00     0.00     0.00     0.00     0.00    0.000    0.000 
file.nam_clust13     4   301.88    52.47  -209.99    32.51   -70.27     3.70   -54.75     2.60  -155.24    33.01   511.86    35.92     0.00     0.00     0.00     0.00     0.00     0.00     0.00     0.00    0.000    0.000 
