#Cluster Nstruc Einter sd Enb sd Evdw+0.1Eelec sd Evdw sd Eelec sd Eair sd Ecdih sd Ecoup sd Esani sd Evean sd Edani sd
file.nam_clust1    29   404.01    98.18  -180.54    26.79   -61.13     6.35   -47.86     5.67  -132.68    25.93   584.55    91.00     0.00     0.00     0.00     0.00     0.00     0.00     0.00     0.00    0.000    0.000 
file.nam_clust2    28   454.44    59.71  -113.49    22.50   -48.29     9.49   -41.04     9.02   -72.44    19.33   567.93    51.74     0.00     0.00     0.00     0.00     0.00     0.00     0.00     0.00    0.000    0.000 
file.nam_clust3    22   276.86   100.96  -203.86    51.20   -64.61    12.62   -49.13    10.45  -154.72    47.25   480.72    88.36     0.00     0.00     0.00     0.00     0.00     0.00     0.00     0.00    0.000    0.000 
file.nam_clust4    16   500.63    59.26   -58.37    14.49   -55.00     7.14   -54.63     7.20    -3.75    13.59   559.00    54.58     0.00     0.00     0.00     0.00     0.00     0.00     0.00     0.00    0.000    0.000 
file.nam_clust5    15   505.42    65.86   -86.59    17.68   -48.91     7.10   -44.73     7.08   -41.86    17.01   592.01    68.19     0.00     0.00     0.00     0.00     0.00     0.00     0.00     0.00    0.000    0.000 
file.nam_clust6    12   366.24    43.30  -127.62    18.32   -52.96     5.70   -44.66     6.38   -82.95    20.44   493.86    38.57     0.00     0.00     0.00     0.00     0.00     0.00     0.00     0.00    0.000    0.000 
file.nam_clust7    12   471.00    63.27  -120.26    11.40   -63.03     4.78   -56.67     5.10   -63.59    12.27   591.26    63.19     0.00     0.00     0.00     0.00     0.00     0.00     0.00     0.00    0.000    0.000 
file.nam_clust8     8   426.75    74.00  -151.01    22.37   -65.77     8.71   -56.30     8.08   -94.72    19.15   577.76    72.01     0.00     0.00     0.00     0.00     0.00     0.00     0.00     0.00    0.000    0.000 
file.nam_clust9     5   338.92    47.70  -166.33    14.14   -50.92     4.20   -38.10     3.73  -128.23    12.87   505.25    58.11     0.00     0.00     0.00     0.00     0.00     0.00     0.00     0.00    0.000    0.000 
file.nam_clust10     5   517.04    87.19  -154.70    39.98   -55.91     7.08   -44.93     3.97  -109.77    37.09   671.74    63.34     0.00     0.00     0.00     0.00     0.00     0.00     0.00     0.00    0.000    0.000 
file.nam_clust11     5   301.51    40.40  -178.58    20.92   -68.70     6.58   -56.49     6.72  -122.09    21.37   480.08    37.15     0.00     0.00     0.00     0.00     0.00     0.00     0.00     0.00    0.000    0.000 
file.nam_clust12     4   249.42    42.86  -129.22    35.74   -51.81    13.27   -43.21    11.56   -86.00    28.31   378.64    32.78     0.00     0.00     0.00     0.00     0.00     0.00     0.00     0.00    0.000    0.000 
