#Cluster #AIRviol sd #dihedviol sd #Coupviol sd #Saniviol sd #Veanviol sd #Daniviol sd
file.nam_clust1    16.69     1.68     0.00     0.00     0.00     0.00     0.00     0.00     0.00     0.00    0.000    0.000 
file.nam_clust2    15.61     2.35     0.00     0.00     0.00     0.00     0.00     0.00     0.00     0.00    0.000    0.000 
file.nam_clust3    14.29     2.05     0.00     0.00     0.00     0.00     0.00     0.00     0.00     0.00    0.000    0.000 
file.nam_clust4    17.48     2.65     0.00     0.00     0.00     0.00     0.00     0.00     0.00     0.00    0.000    0.000 
file.nam_clust5    14.11     1.52     0.00     0.00     0.00     0.00     0.00     0.00     0.00     0.00    0.000    0.000 
file.nam_clust6    15.33     1.56     0.00     0.00     0.00     0.00     0.00     0.00     0.00     0.00    0.000    0.000 
file.nam_clust7    13.86     1.35     0.00     0.00     0.00     0.00     0.00     0.00     0.00     0.00    0.000    0.000 
file.nam_clust8    13.50     3.40     0.00     0.00     0.00     0.00     0.00     0.00     0.00     0.00    0.000    0.000 
file.nam_clust9    13.75     1.78     0.00     0.00     0.00     0.00     0.00     0.00     0.00     0.00    0.000    0.000 
