#Cluster Nstruc Einter sd Enb sd Evdw+0.1Eelec sd Evdw sd Eelec sd Eair sd Ecdih sd Ecoup sd Esani sd Evean sd Edani sd
file.nam_clust1    25   299.53    83.06  -142.02    17.82   -61.90     5.81   -53.00     6.04   -89.03    18.51   441.56    76.31     0.00     0.00     0.00     0.00     0.00     0.00     0.00     0.00    0.000    0.000 
file.nam_clust2    24   348.06    91.71  -172.88    29.83   -72.49     7.28   -61.33     6.73  -111.54    29.20   520.93    90.07     0.00     0.00     0.00     0.00     0.00     0.00     0.00     0.00    0.000    0.000 
file.nam_clust3    22   204.86    75.42  -204.23    28.45   -71.40     5.85   -56.64     5.75  -147.59    29.17   409.09    64.22     0.00     0.00     0.00     0.00     0.00     0.00     0.00     0.00    0.000    0.000 
file.nam_clust4    22   242.14    58.98  -248.38    34.48   -87.08     7.39   -69.15     5.98  -179.23    32.72   490.52    53.06     0.00     0.00     0.00     0.00     0.00     0.00     0.00     0.00    0.000    0.000 
file.nam_clust5    13   257.72    94.16  -157.17    32.10   -61.02    12.01   -50.33    10.60  -106.84    25.81   414.89    77.92     0.00     0.00     0.00     0.00     0.00     0.00     0.00     0.00    0.000    0.000 
file.nam_clust6    10   282.02    56.77  -132.15    12.62   -59.13     7.37   -51.01     7.82   -81.14    13.64   414.17    52.74     0.00     0.00     0.00     0.00     0.00     0.00     0.00     0.00    0.000    0.000 
file.nam_clust7    10   406.90    83.56  -147.39    21.88   -69.42     8.77   -60.76     8.40   -86.63    19.58   554.28    70.50     0.00     0.00     0.00     0.00     0.00     0.00     0.00     0.00    0.000    0.000 
file.nam_clust8     9   200.92    42.45  -171.08    22.73   -75.43     8.49   -64.80     7.44  -106.28    18.08   372.00    33.01     0.00     0.00     0.00     0.00     0.00     0.00     0.00     0.00    0.000    0.000 
file.nam_clust9     9   188.26   109.19  -238.21    51.40   -86.95     9.52   -70.14     7.27  -168.07    49.56   426.47    64.60     0.00     0.00     0.00     0.00     0.00     0.00     0.00     0.00    0.000    0.000 
file.nam_clust10     5   409.48    88.76  -224.44    13.15   -76.78     6.99   -60.37     6.58  -164.07     9.11   633.91    78.54     0.00     0.00     0.00     0.00     0.00     0.00     0.00     0.00    0.000    0.000 
file.nam_clust11     4   294.35   103.39  -201.04    56.30   -65.68    11.60   -50.64     6.78  -150.40    49.88   495.39    63.28     0.00     0.00     0.00     0.00     0.00     0.00     0.00     0.00    0.000    0.000 
file.nam_clust12     4   364.61    75.36  -150.64    12.79   -67.55     3.52   -58.32     4.35   -92.32    15.27   515.25    85.48     0.00     0.00     0.00     0.00     0.00     0.00     0.00     0.00    0.000    0.000 
file.nam_clust13     4   344.24    54.98  -169.98     8.35   -56.84     3.25   -44.26     3.27  -125.71     8.15   514.22    56.86     0.00     0.00     0.00     0.00     0.00     0.00     0.00     0.00    0.000    0.000 
file.nam_clust14     4   256.91    43.15  -171.46    30.75   -77.81     4.18   -67.41     2.00  -104.06    29.95   428.37    32.86     0.00     0.00     0.00     0.00     0.00     0.00     0.00     0.00    0.000    0.000 
