#Cluster Nstruc Einter sd Enb sd Evdw+0.1Eelec sd Evdw sd Eelec sd Eair sd Ecdih sd Ecoup sd Esani sd Evean sd Edani sd
file.nam_clust1    82   338.17   104.51  -228.10    34.56   -62.43    10.37   -44.02     9.59  -184.09    32.41   566.27    92.96     0.00     0.00     0.00     0.00     0.00     0.00     0.00     0.00    0.000    0.000 
file.nam_clust2    20   376.71    82.35  -109.26    29.80   -62.52    10.45   -57.32    11.31   -51.94    32.47   485.97    69.61     0.00     0.00     0.00     0.00     0.00     0.00     0.00     0.00    0.000    0.000 
file.nam_clust3    14   471.56    66.75  -127.90    21.08   -53.19     6.44   -44.89     5.36   -83.01    17.88   599.46    52.29     0.00     0.00     0.00     0.00     0.00     0.00     0.00     0.00    0.000    0.000 
file.nam_clust4    13   395.22    92.12  -161.85    37.66   -69.67    13.61   -59.42    11.13  -102.43    27.50   557.07    75.64     0.00     0.00     0.00     0.00     0.00     0.00     0.00     0.00    0.000    0.000 
file.nam_clust5     8   483.48    59.62  -111.61    24.66   -46.96     5.82   -39.78     4.96   -71.83    23.37   595.09    66.12     0.00     0.00     0.00     0.00     0.00     0.00     0.00     0.00    0.000    0.000 
file.nam_clust6     8   354.60    39.80  -205.09    10.64   -63.38     7.14   -47.64     7.44  -157.45    10.64   559.69    36.47     0.00     0.00     0.00     0.00     0.00     0.00     0.00     0.00    0.000    0.000 
file.nam_clust7     7   484.52    71.38  -155.00    44.20   -60.33    12.27   -49.80     9.33  -105.20    36.98   639.52    52.86     0.00     0.00     0.00     0.00     0.00     0.00     0.00     0.00    0.000    0.000 
file.nam_clust8     5   426.57    77.74  -163.92    39.32   -54.29     4.65   -42.10     3.64  -121.81    40.13   590.49    63.56     0.00     0.00     0.00     0.00     0.00     0.00     0.00     0.00    0.000    0.000 
file.nam_clust9     4   509.53    67.22  -123.96    24.84   -63.62     5.89   -56.92     5.48   -67.04    24.49   633.50    77.22     0.00     0.00     0.00     0.00     0.00     0.00     0.00     0.00    0.000    0.000 
file.nam_clust10     4   341.56   102.67  -150.07    18.23   -74.29     3.21   -65.87     4.18   -84.20    20.73   491.63    93.72     0.00     0.00     0.00     0.00     0.00     0.00     0.00     0.00    0.000    0.000 
